1
1
1
1
3
3
3
3
4
5
6.5
7
7.5
7
9
10
10
10
12
13
12.5
13
13
13.5
13.5
13
14
15
14.5
13.5
15.5
16
15
15.5
15.5
16
16
16
16
18
18
20
20.5
21
20.5
21
21.5
21
22
24
24
24.5
25.5
28.5
28.5
27
27
27.5
27.5
29.5
29.5
29
29
28.5
30
33
33
35.5
35.5
35.5
41
39.5
41
43.5
45.5
42.5
42
42
42
44
42.5
47.5
48.5
56.5
56
57.5
58
58
58
55
55
55
55
56
55
52.5
51.5
53.5
53.5
53.5
60.5
59
66
63.5
68
68
67.5
67.5
67.5
67
67
65
67.5
63
69
69
73
69
69
69
71.5
71.5
75
72
72
72
71.5
78
79.5
79.5
80.5
79.5
79.5
79.5
79.5
84
81
84
86
87
85
82
83
86
86
89
92.5
89
92
94
92.5
88.5
88.5
87
83
85.5
91
91
86
86
91.5
92
93
92
94
96.5
97.5
97.5
99
99
99
94
95
95
98
94.5
99
98.5
98.5
103
98
98.5
104
100.5
100.5
104
104
94
92
91
91
91
99.5
103.5
103.5
105.5
109.5
111
107.5
110.5
108.5
