3
2
5
8
8
9
9
10
11
11
12
13
15
15
14
16
17
15
20
18
18
18
20
18
24
24
23
23
23
22
23
24
24
24
27
30
23
24
29
24
34
33
33
33
34
34
33
39
37
37
37
40
38
41
45
41
41
41
41
41
41
43
43
43
43
43
43
43
43
46
46
46
50
53
53
53
52
52
52
52
51
54
54
54
54
54
55
55
55
54
53
53
53
53
50
48
46
51
51
56
58
58
58
60
56
60
60
56
59
62
62
64
63
63
65
64
64
64
64
65
66
62
64
66
66
67
66
66
65
65
69
65
65
68
69
65
65
73
73
69
74
74
74
74
76
75
75
76
77
77
77
78
79
79
84
84
82
82
82
79
86
84
88
88
90
86
87
87
87
87
90
90
90
90
90
90
89
89
93
85
85
89
82
91
93
93
93
93
93
92
93
93
93
93
94
92
92
95
95
95
95
