1
1
1
3
3
6
7
6
9
9
10
10
11
9
9
11
11
11
11
11
11
13
12
14
16
16
16
16
16
18
19
19
17
19
19
20
22
21
23
23
23
25
25
26
26
26
26
27
31
31
31
33
33
33
32
32
33
34
32
39
39
37
38
38
38
38
39
41
41
42
42
40
40
41
41
44
45
42
46
45
43
43
47
47
46
47
51
50
50
50
50
52
52
52
52
55
54
52
52
52
52
52
56
55
55
55
55
55
55
52
52
56
58
58
58
58
58
58
58
58
61
61
64
63
63
63
62
62
62
62
63
60
59
61
61
61
63
60
62
65
65
65
65
65
66
65
65
66
65
65
65
67
67
67
67
64
64
64
64
64
64
64
69
69
69
69
69
69
69
70
65
65
64
65
65
65
65
64
64
64
64
64
68
70
71
71
71
71
72
72
72
70
69
69
69
69
71
71
71
71
72
