7
7
6
7
8
7
8
10
13
12
13
12
12
15
15
13
13
15
15
14
18
17
18
19
20
19
20
18
18
20
20
20
21
22
23
24
23
23
23
23
23
25
25
26
28
28
27
26
27
31
31
28
28
29
28
29
27
32
34
36
31
35
38
36
39
39
39
39
37
36
37
39
40
39
40
40
41
40
42
43
41
45
45
44
44
44
45
48
47
54
54
54
54
53
54
55
55
56
56
56
56
57
56
57
57
59
60
61
61
64
64
64
63
65
67
69
70
71
67
62
62
62
61
61
62
63
61
64
65
65
65
66
70
70
70
72
70
70
72
73
71
71
71
71
71
72
72
72
75
74
75
75
75
75
75
75
75
75
75
75
75
75
75
75
76
76
76
76
75
75
77
77
77
77
78
78
78
78
79
79
79
80
77
77
80
80
80
82
87
87
87
87
87
87
87
90
90
90
90
87
92
