1
2
3
3
3
3
4
3
4
5
5
5
6
6
8
9
10
13
12
9
9
10
11
13
12
13
14
16
18
18
17
19
18
19
19
21
20
20
21
21
21
21
22
22
23
24
25
24
28
27
34
34
34
31
30
26
29
27
28
34
34
36
38
37
37
34
34
34
37
38
38
40
38
39
41
38
38
40
45
45
45
47
44
42
42
41
41
42
44
47
49
55
55
57
55
49
49
49
48
51
51
47
46
46
46
51
51
51
57
57
66
67
63
66
66
66
62
62
62
62
66
66
63
66
66
66
66
66
66
66
65
66
66
66
66
66
62
66
66
67
67
72
72
72
79
81
81
74
75
77
77
77
77
77
77
77
77
77
77
77
77
77
77
77
77
76
76
77
77
77
77
70
70
70
79
78
78
79
79
79
81
81
79
75
77
76
74
74
74
81
81
84
84
84
84
84
84
84
83
86
86
