7
5
5
6
5
7
7
9
10
9
13
14
19
16
16
19
20
22
21
19
21
20
29
33
28
26
29
25
30
26
26
33
34
31
32
40
35
30
41
44
43
42
37
45
42
39
39
36
34
30
30
30
31
30
32
29
35
32
42
30
30
30
28
28
28
30
28
28
26
26
28
27
26
26
25
27
26
26
27
28
28
28
29
29
28
28
29
29
29
28
28
28
28
28
28
28
28
28
28
28
28
28
28
28
28
28
28
28
28
28
28
28
28
28
28
26
26
26
26
26
26
26
26
26
26
25
25
25
25
26
26
26
23
23
26
26
26
26
26
26
26
26
26
26
26
26
26
26
26
26
26
26
26
26
26
26
26
26
26
26
26
26
26
26
26
26
26
26
26
26
26
26
26
26
26
26
26
26
26
26
26
26
26
26
26
26
26
26
26
26
26
26
26
26
26
26
26
26
26
26
26
