1
1
1
6
3
6
12
10
10
15
14
15
15
17
25
28
23
28
28
29
33
35
31
31
36
37
34
43
42
42
45
46
48
37
47
47
39
49
47
50
61
56
49
44
51
53
47
49
55
62
58
51
65
64
62
59
52
54
43
46
51
41
38
36
34
33
34
34
31
31
28
33
26
33
31
23
23
23
23
23
23
23
21
23
23
23
23
23
20
20
20
20
20
14
11
14
14
14
14
14
14
11
11
11
11
11
11
10
10
10
10
10
10
10
10
10
10
10
10
7
7
4
4
4
4
4
4
4
4
4
4
4
4
4
4
4
4
4
4
4
4
4
4
4
4
4
4
4
4
4
4
4
4
4
4
4
4
4
4
4
4
4
4
4
4
4
4
4
4
4
4
4
4
4
4
4
4
4
4
4
4
4
4
4
4
4
4
4
4
4
4
4
4
4
4
4
4
4
4
4
4
