1
3
3
3
5
6
5
7
7
9
11
9
8
9
9
9
11
10
10
11
11
11
10
11
11
9
11
13
13
13
13
13
13
13
13
13
13
12
12
13
13
13
13
13
13
14
14
13
13
14
14
15
14
14
15
16
16
15
15
15
15
15
14
14
14
14
14
14
14
14
16
16
16
16
16
16
17
18
18
17
18
19
20
21
23
22
21
21
21
22
21
22
22
24
24
24
24
24
24
25
24
24
24
25
25
25
25
24
25
25
25
25
25
25
26
27
27
26
26
28
29
29
28
27
27
27
27
27
30
30
28
27
27
28
28
28
28
28
30
31
31
31
31
31
28
28
28
28
28
31
32
32
32
32
32
32
32
32
32
32
32
32
32
32
32
32
32
32
32
32
32
32
32
32
32
32
32
32
32
32
32
32
32
32
32
32
32
32
32
32
32
32
32
32
32
32
32
32
32
32
32
