1
1
2
3
5
5
5
6
7
7
7
9
9
11
11
11
12
13
16
15
14
18
18
18
16
14
17
17
18
18
19
19
23
23
23
23
24
24
24
25
25
25
28
32
40
38
39
34
34
34
38
48
48
47
47
48
47
46
45
43
43
44
45
46
46
47
47
48
48
48
48
50
51
51
51
55
51
51
55
62
62
61
68
65
68
68
68
69
71
70
70
71
71
73
73
73
73
72
72
72
72
72
72
72
72
75
75
75
75
75
76
76
74
75
77
75
74
76
76
75
82
82
82
83
83
83
78
79
79
85
82
80
85
85
81
84
82
82
83
83
81
81
81
86
84
84
82
82
83
83
83
83
82
82
85
85
85
85
85
85
83
83
83
83
83
83
82
87
87
87
87
87
90
88
88
90
89
90
90
90
90
90
90
91
91
91
91
94
91
93
91
91
95
94
94
94
95
94
93
92
92
