1
1
5
5
6
7
11
10
10
10
12
12
12
13
12
16
16
16
18
19
22
22
19
23
24
23
23
25
24
24
25
26
29
31
31
31
34
33
33
34
36
36
36
37
36
39
41
41
39
36
37
39
39
45
45
43
39
43
43
46
54
51
51
47
48
48
47
49
49
47
45
44
48
48
47
50
48
47
50
56
56
55
54
48
49
49
51
51
50
56
59
59
59
51
50
51
51
62
62
56
66
66
62
62
62
62
67
67
66
66
63
63
67
67
67
69
73
70
66
66
66
67
71
70
76
76
76
73
74
75
73
72
74
76
77
77
85
86
86
86
81
88
88
93
93
88
88
93
93
92
92
91
91
91
91
91
91
91
91
93
93
97
100
97
97
95
95
95
95
95
92
95
95
97
99
98
98
94
91
92
94
97
97
97
95
96
95
96
95
97
92
95
94
91
91
95
94
94
94
96
96
