15
12
7
7
7
7
10
9
11
13
13
14
13
13
16
15
18
19
19
19
19
20
22
24
24
24
24
24
23
23
25
26
26
27
29
30
29
31
31
29
27
31
30
30
30
31
29
27
28
32
34
34
33
33
31
32
34
33
36
36
37
37
37
37
37
37
37
37
37
37
37
37
39
40
39
38
41
39
42
42
45
45
49
46
46
40
46
44
45
47
47
46
47
49
49
52
52
52
54
54
53
53
53
53
57
53
57
57
58
58
58
56
59
59
59
59
64
62
62
62
64
63
61
61
63
63
65
67
71
71
71
72
72
72
72
77
75
64
71
71
72
77
77
77
74
75
74
75
77
75
75
77
77
79
79
79
80
81
79
80
80
81
79
79
81
81
80
80
80
76
80
80
83
82
82
81
81
81
85
85
81
87
85
86
85
85
85
85
85
84
86
86
84
87
85
85
85
86
86
86
86
