1
1
1
3
3
3
3
5
5
5
5
5
6
7
7
9
11
11
10
9
9
9
9
10
12
10
11
11
11
14
15
15
13
13
15
15
14
14
20
21
19
19
21
23
24
19
19
24
22
27
27
27
26
25
25
25
24
29
29
30
28
28
30
30
30
32
29
29
29
29
32
35
35
38
39
37
35
37
46
36
43
41
46
45
46
48
48
47
47
47
47
47
47
48
47
49
47
49
48
48
48
48
52
52
57
57
58
58
57
59
60
60
57
56
57
58
57
60
60
60
60
65
64
64
63
67
62
64
62
62
62
63
63
63
75
81
86
86
87
81
81
81
80
81
88
88
87
88
91
91
94
93
81
81
93
93
94
93
93
93
92
92
92
92
92
88
88
88
88
88
88
91
91
91
88
88
91
91
91
91
90
92
90
90
90
92
95
95
95
92
92
92
92
96
96
98
97
98
100
100
100
