2
2
3
7
5
7
13
15
13
13
13
16
18
16
17
17
18
18
21
21
22
22
25
27
31
27
32
34
33
38
38
37
37
37
37
41
42
45
43
41
42
41
44
47
54
54
56
54
56
52
51
51
50
51
52
52
53
55
56
62
62
59
59
63
65
70
66
67
69
69
69
67
69
69
69
69
73
74
73
73
73
74
74
73
74
76
76
75
75
75
75
78
76
77
80
76
80
80
77
78
75
85
81
82
85
86
87
88
88
88
81
89
88
89
91
89
89
90
92
93
95
94
92
92
94
94
95
92
92
97
91
94
101
97
101
102
102
100
104
104
99
95
100
100
106
106
99
99
99
99
99
99
102
102
102
101
101
101
107
109
109
109
111
113
115
114
116
113
113
118
117
119
115
122
123
123
123
123
123
123
124
127
127
127
127
128
119
119
121
118
121
121
121
121
125
125
125
125
118
122
122
