1
2
3
3
5
3
5
5
6
8
9
9
11
11
11
15
15
15
16
17
18
19
20
20
20
21
22
24
28
29
33
32
32
32
34
38
36
34
37
36
43
45
45
42
51
42
51
52
52
52
49
51
47
52
52
53
52
50
51
51
60
55
59
55
61
59
57
58
62
64
64
64
69
66
66
62
62
62
69
76
73
71
70
70
74
74
74
77
77
76
77
75
78
76
78
78
78
82
87
85
78
78
81
81
80
82
80
80
81
84
84
84
88
83
83
85
85
85
83
86
86
86
83
84
82
82
82
82
85
85
85
84
84
84
86
85
86
89
89
96
96
91
90
90
102
102
90
90
91
91
91
99
99
109
109
108
98
99
101
107
107
111
111
110
111
111
111
112
112
112
106
105
105
109
110
110
110
110
108
107
101
101
103
111
107
107
111
109
109
109
109
109
108
110
113
113
111
110
109
111
112
