3
5
7
7
7
7
7
7
7
8
8
8
10
10
11
12
13
16
16
16
17
17
15
15
15
15
15
16
16
16
18
18
21
18
20
22
21
23
23
22
24
21
22
22
21
21
21
21
20
21
22
23
23
24
26
26
26
27
27
27
27
27
29
30
32
32
31
33
33
34
34
34
34
35
33
33
31
31
31
32
32
33
33
35
34
34
34
34
34
37
39
42
43
43
43
43
43
44
44
44
45
45
45
46
46
45
45
45
47
48
48
46
46
46
47
47
47
47
48
52
53
53
53
55
56
55
55
55
55
59
59
59
59
59
59
59
58
58
59
59
60
61
62
62
61
62
62
62
62
60
61
61
61
60
60
60
62
62
63
63
63
63
63
63
63
63
63
63
63
62
62
62
62
62
62
62
62
62
62
62
62
62
62
62
62
62
62
62
62
62
62
62
62
62
62
62
62
62
62
62
62
