1
1
1
1
3
3
3
3
3
4
5
5
5
5
5
5
5
5
5
5
5
5
5
5
5
5
5
6
7
8
9
11
11
13
10
10
10
11
12
12
12
12
13
13
11
12
12
12
12
12
12
12
12
12
12
12
12
11
12
13
13
12
19
13
13
13
13
13
16
16
16
16
13
19
19
18
18
18
18
19
23
24
24
26
28
28
34
29
29
29
27
30
30
23
25
26
26
28
26
33
32
32
44
38
40
37
49
56
57
49
49
52
55
57
49
54
54
58
58
59
59
55
59
56
51
51
51
51
51
52
52
54
52
52
52
61
58
58
58
59
57
61
58
58
63
63
60
65
62
60
56
67
68
64
66
66
66
66
69
69
69
69
74
77
74
72
72
72
72
72
72
72
73
72
71
71
70
70
70
69
69
69
69
70
70
71
72
72
72
72
72
72
72
72
72
73
73
73
73
73
73
