7
7
8
9
7
7
7
13
13
13
13
12
12
14
14
16
15
15
15
16
21
20
20
22
20
22
23
23
23
22
22
26
25
26
26
27
27
30
30
31
28
30
32
32
32
31
32
33
33
31
34
34
34
37
39
40
40
40
42
47
46
46
43
43
45
48
48
48
54
54
55
57
57
54
55
59
57
55
56
54
57
56
55
56
59
58
61
61
67
63
64
71
71
71
68
70
68
68
67
72
72
72
72
74
72
72
72
69
72
76
76
81
75
75
82
82
82
82
79
79
79
78
79
82
80
81
82
82
82
83
83
83
83
81
86
86
86
86
87
87
86
86
84
85
85
85
85
85
83
86
90
90
87
88
88
91
91
91
91
91
95
94
94
92
92
93
93
93
93
93
95
95
94
94
94
94
94
94
95
95
94
94
94
94
97
99
94
95
94
94
94
93
94
94
94
95
95
95
95
96
93
