2
1
3
3
4
5
5
5
5
6
7
7
7
6
7
7
7
7
9
9
9
9
8
7
8
9
9
9
9
9
8
9
10
11
11
11
11
11
11
11
11
11
10
11
11
11
11
11
11
12
12
12
12
12
12
12
11
11
12
12
12
13
16
16
15
17
17
17
17
18
17
17
15
17
21
21
19
18
19
19
21
21
21
24
23
23
22
22
24
24
24
24
25
27
28
27
27
27
26
26
27
27
27
27
28
28
28
28
28
27
27
27
26
26
26
29
28
29
29
29
28
31
31
31
29
29
29
32
32
32
32
32
30
30
32
32
32
32
32
32
32
33
33
33
33
33
33
33
33
33
33
33
33
33
33
33
33
33
33
33
33
33
33
33
33
33
33
33
33
33
33
33
33
33
33
33
33
33
33
33
33
33
33
33
33
33
33
33
33
33
33
33
33
33
33
33
33
33
33
33
33
