1
1
3
5
7
7
7
9
8
8
10
9
11
11
11
12
12
13
15
14
14
15
15
16
16
16
16
19
17
18
18
18
19
19
20
20
24
22
23
24
24
23
24
26
26
25
25
27
26
27
26
28
26
30
29
31
31
31
33
35
35
34
35
34
36
34
34
36
34
37
37
38
39
38
38
38
38
38
40
39
39
39
43
40
41
41
44
45
45
45
45
45
44
44
45
45
44
49
44
44
44
44
44
49
46
46
45
45
45
51
49
45
45
45
46
47
49
50
52
49
52
49
54
52
51
51
59
56
57
55
55
57
58
57
58
56
56
56
57
57
57
60
59
59
59
59
61
64
64
60
68
68
69
71
66
65
68
65
67
67
70
69
72
72
76
78
76
76
70
87
91
90
90
90
90
81
78
84
84
84
84
86
82
89
87
87
90
89
93
93
92
90
90
92
91
91
94
94
94
94
94
