2
2
3
3
5
7
11
11
11
11
9
13
13
14
15
15
15
15
15
15
15
17
17
19
19
21
21
21
23
23
23
24
28
29
28
27
26
29
30
28
30
32
34
35
36
36
39
38
38
40
37
39
40
40
40
40
40
40
41
42
42
44
44
44
49
46
48
48
47
50
47
46
50
50
50
50
52
50
50
50
49
49
50
48
47
48
50
50
55
55
51
49
54
57
51
51
57
58
61
61
65
61
61
58
60
66
65
62
62
68
68
68
70
67
67
67
67
68
70
71
74
75
78
76
76
76
73
73
73
76
83
81
86
86
87
87
88
88
88
90
89
88
91
85
91
92
93
93
81
82
91
89
92
97
97
97
97
98
97
92
95
95
95
95
95
96
100
100
103
103
103
105
105
105
107
105
105
112
108
113
114
111
114
116
108
111
111
115
107
107
107
110
118
118
112
116
116
112
119
121
123
